CreateObject(1275, -2429.84, 203.55, 26.09, 0.0, 0.0, 0.0, 0.0);CreateObject(13459, 2634.75, -1524.91, 23.82, 0.0, 0.0, 0.0, 0.0);CreateObject(13460, 2636.74, -1525.00, 23.82, 0.0, 0.0, 0.0, 0.0);CreateObject(966, 2742.16, -2440.86, 21.78, 0.0, 0.0, 0.0, 0.0);CreateObject(967, 2744.13, -2438.99, 21.78, 0.0, 0.0, 0.0, 0.0);CreateObject(968, 2744.37, -2441.01, 21.78, 0.0, 0.0, 0.0, 0.0);CreateObject(997, 2744.54, -2443.27, 21.78, 0.0, 0.0, 0.0, 0.0);CreateObject(1854, 2746.52, -2441.06, 21.78, 0.0, 0.0, 0.0, 0.0);CreateObject(17065, 844.82, 794.63, 13.38, 0.0, 0.0, 0.0, 0.0);CreateObject(17171, 846.06, 793.96, 13.40, 0.0, 0.0, 0.0, 0.0);CreateObject(17578, 835.16, 802.72, 13.17, 0.0, 0.0, 0.0, 0.0);CreateObject(17579, 834.48, 806.91, 13.13, 0.0, 0.0, 0.0, 0.0);CreateObject(17612, 834.69, 808.84, 13.12, 0.0, 0.0, 0.0, 0.0);CreateObject(17635, 839.46, 803.92, 13.23, 0.0, 0.0, 0.0, 0.0);CreateObject(17708, -2430.72, 204.73, 26.09, 0.0, 0.0, 0.0, 0.0);CreateObject(17747, -2431.27, 200.50, 26.09, 0.0, 0.0, 0.0, 0.0);CreateObject(17806, -2448.14, 202.19, 26.10, 0.0, 0.0, 0.0, 0.0);CreateObject(13518, -2460.56, 195.23, 26.07, 0.0, 0.0, 0.0, 0.0);CreateObject(13519, -2462.09, 197.72, 26.02, 0.0, 0.0, 0.0, 0.0);CreateObject(11782, -2459.43, 193.41, 26.08, 0.0, 0.0, 0.0, 0.0);CreateObject(11783, -2461.17, 193.35, 26.08, 0.0, 0.0, 0.0, 0.0);CreateObject(11904, -2460.98, 190.39, 26.08, 0.0, 0.0, 0.0, 0.0);CreateObject(12111, -2463.68, 191.18, 26.08, 0.0, 0.0, 0.0, 0.0);CreateObject(12130, -2469.05, 188.37, 26.08, 0.0, 0.0, 0.0, 0.0);CreateObject(1796, -2467.86, 182.53, 26.08, 0.0, 0.0, 0.0, 0.0);CreateObject(17579, -977.78, 269.63, 30.32, 0.0, 0.0, 0.0, 0.0);CreateObject(17579, -972.24, 266.06, 28.86, 0.0, 0.0, 0.0, 0.0);CreatePickup(1210, 23, 2740.71, -2441.79, 21.78);CreatePickup(1210, 23, 988.83, -7.91, 1380.99);CreateObject(1718, -2430.46, 201.11, 26.09, 0.0, 0.0, 0.0, 0.0);CreateObject(1718, 2580.56, -2434.07, 21.79, 0.0, 0.0, 0.0, 0.0);CreateObject(1717, 2580.56, -2433.98, 21.79, 0.0, 0.0, 0.0, 0.0);CreateObject(1719, 2580.56, -2434.02, 21.79, 0.0, 0.0, 0.0, 0.0);CreateObject(1720, 842.88, 795.34, 13.34, 0.0, 0.0, 0.0, 0.0);CreateObject(1717, 833.64, 791.56, 13.20, 0.0, 0.0, 0.0, 0.0);CreateObject(1716, 837.35, 798.42, 13.23, 0.0, 0.0, 0.0, 0.0);CreateObject(17579, -972.19, 266.00, 28.86, 0.0, 0.0, 0.0, 0.0);CreateObject(10642, 843.92, 794.94, 13.36, 0.0, 0.0, 0.0, 0.0);CreateObject(10643, 839.47, 795.85, 13.28, 0.0, 0.0, 0.0, 0.0);CreateObject(10644, 841.95, 795.14, 13.32, 0.0, 0.0, 0.0, 0.0);CreateObject(10645, 844.82, 794.63, 13.38, 0.0, 0.0, 0.0, 0.0);CreateObject(10636, 841.31, 796.43, 13.31, 0.0, 0.0, 0.0, 0.0);CreateObject(17577, 842.01, 810.87, 13.23, 0.0, 0.0, 0.0, 0.0);CreateObject(17572, 837.00, 827.77, 12.90, 0.0, 0.0, 0.0, 0.0);CreateObject(17570, 828.98, 815.11, 12.88, 0.0, 0.0, 0.0, 0.0);CreateObject(14654, 832.36, 796.90, 13.15, 0.0, 0.0, 0.0, 0.0);CreateObject(14821, 835.87, 796.88, 13.21, 0.0, 0.0, 0.0, 0.0);CreateObject(12696, 835.70, 792.99, 13.23, 0.0, 0.0, 0.0, 0.0);CreateObject(12697, 838.84, 791.46, 13.30, 0.0, 0.0, 0.0, 0.0);CreateObject(7242, 2743.04, -2439.48, 21.78, 0.0, 0.0, 0.0, 0.0);CreateObject(7243, 2745.06, -2434.93, 21.78, 0.0, 0.0, 0.0, 0.0);CreateObject(7244, 2740.94, -2421.33, 21.77, 0.0, 0.0, 0.0, 0.0);CreateObject(7245, 2742.19, -2416.24, 21.67, 0.0, 0.0, 0.0, 0.0);CreateObject(7242, -980.60, 256.91, 24.82, 0.0, 0.0, 0.0, 0.0);CreateObject(7242, -980.30, 259.19, 24.82, 0.0, 0.0, 0.0, 0.0);CreateObject(7242, -972.54, 266.30, 25.56, 0.0, 0.0, 0.0, 0.0);CreateObject(7242, -972.01, 266.37, 25.56, 0.0, 0.0, 0.0, 0.0);CreateObject(7242, -972.31, 266.16, 25.56, 0.0, 0.0, 0.0, 0.0);CreateObject(7242, -978.05, 269.99, 29.16, 0.0, 0.0, 0.0, 0.0);CreateObject(7242, -978.49, 267.48, 25.36, 0.0, 0.0, 0.0, 0.0);CreateObject(7242, 1801.46, 2516.41, 14.50, 0.0, 0.0, 0.0, 0.0);CreateObject(7242, 844.82, 794.63, 13.38, 0.0, 0.0, 0.0, 0.0);CreateObject(7242, 844.17, 794.82, 13.36, 0.0, 0.0, 0.0, 0.0);CreateObject(7242, 841.78, 795.80, 13.32, 0.0, 0.0, 0.0, 0.0);CreateObject(7242, 1798.43, 2516.43, 14.50, 0.0, 0.0, 0.0, 0.0);CreateObject(7242, 840.68, 796.46, 13.29, 0.0, 0.0, 0.0, 0.0);CreateObject(7242, -2430.72, 204.71, 26.09, 0.0, 0.0, 0.0, 0.0);CreateObject(7242, -2437.46, 203.73, 26.09, 0.0, 0.0, 0.0, 0.0);CreateObject(7242, -972.65, 265.94, 25.56, 0.0, 0.0, 0.0, 0.0);[EDIT] CreateObject(7242, -972.45, 265.94, 25.56, 0.00, 0.00, -35.00);
[EDIT] CreateObject(7242, -972.45, 265.94, 26.36, 0.00, 0.00, -35.00);
[EDIT] CreateObject(7242, -972.45, 265.94, 26.16, 0.00, 0.00, -35.00);
[EDIT] CreateObject(7242, -972.25, 266.04, 26.16, 0.00, 0.00, -35.00);
CreateObject(7242, -978.29, 265.77, 25.24, 0.0, 0.0, 0.0, 0.0);[EDIT] CreateObject(7242, -975.99, 268.47, 26.14, 0.00, 0.00, 0.00);
[EDIT] CreateObject(7242, -975.99, 268.47, 26.14, 0.00, 0.00, 65.00);
[EDIT] CreateObject(7242, -977.99, 269.87, 26.14, 0.00, 0.00, 145.00);
[EDIT] CreateObject(7242, -977.99, 269.97, 26.14, 0.00, 0.00, 145.00);
CreateObject(7242, -983.25, 207.82, 24.82, 0.0, 0.0, 0.0, 0.0);CreateObject(7242, -981.51, 207.31, 24.82, 0.0, 0.0, 0.0, 0.0);[EDIT] CreateObject(7242, -981.31, 207.51, 25.42, 0.00, 0.00, 55.00);
[EDIT] CreateObject(7242, -981.31, 207.61, 25.42, 0.00, 0.00, 55.00);
CreateObject(7242, -986.31, 204.70, 24.82, 0.0, 0.0, 0.0, 0.0);[EDIT] CreateObject(7242, -984.91, 205.00, 24.82, 0.00, 0.00, 0.00);
[EDIT] CreateObject(7242, -984.91, 205.00, 24.82, 0.00, 0.00, -120.00);
[EDIT] CreateObject(7242, -985.21, 201.90, 25.42, 0.00, 0.00, -120.00);
[EDIT] CreateObject(7242, -985.21, 201.90, 25.42, 0.00, 0.00, -125.00);
[EDIT] CreateObject(7242, -985.21, 201.90, 25.42, 0.00, 0.00, -125.00);
CreateObject(7242, -1083.93, 269.78, 24.96, 0.0, 0.0, 0.0, 0.0);[EDIT] CreateObject(7242, -1084.53, 265.47, 24.96, 0.00, 0.00, 0.00);
[EDIT] CreateObject(7242, -1084.33, 265.47, 25.56, 0.00, 0.00, 0.00);
[EDIT] CreateObject(7242, -1084.33, 265.57, 25.56, 0.00, 0.00, 0.00);
[EDIT] CreateObject(7242, -1084.33, 265.57, 25.56, 0.00, 0.00, -35.00);
CreateObject(7242, -1084.37, 266.31, 24.96, 0.0, 0.0, 0.0, 0.0);[EDIT] CreateObject(7242, -1087.47, 268.11, 24.96, 0.00, 0.00, 0.00);
[EDIT] CreateObject(7242, -1087.47, 268.11, 25.56, 0.00, 0.00, 0.00);
[EDIT] CreateObject(7242, -1087.87, 268.21, 25.56, 0.00, 0.00, 140.00);
[EDIT] CreateObject(7242, -1087.87, 268.21, 25.56, 0.00, 0.00, 142.50);
CreateObject(7242, -1082.11, 270.28, 24.96, 0.0, 0.0, 0.0, 0.0);[EDIT] CreateObject(7242, -1082.11, 270.28, 24.96, 0.00, 0.00, 35.00);
CreateObject(7242, -1081.73, 274.80, 24.82, 0.0, 0.0, 0.0, 0.0);[EDIT] CreateObject(7242, -1081.73, 274.80, 24.82, 0.00, 0.00, 89.00);
CreateObject(7242, -1014.02, 199.56, 25.77, 0.0, 0.0, 0.0, 0.0);[EDIT] CreateObject(7242, -1014.32, 199.56, 26.37, 0.00, 0.00, 147.00);
[EDIT] CreateObject(7242, -1014.62, 199.46, 26.37, 0.00, 0.00, 147.00);
[EDIT] CreateObject(7242, -1014.82, 199.66, 26.37, 0.00, 0.00, 147.00);
[EDIT] CreateObject(7242, -1014.32, 199.56, 26.37, 0.00, 0.00, 147.00);
[EDIT] CreateObject(7242, -1014.42, 199.56, 26.37, 0.00, 0.00, 147.00);
CreateObject(7242, -1008.69, 196.15, 25.77, 0.0, 0.0, 0.0, 0.0);[EDIT] CreateObject(7242, -1014.42, 199.56, 26.37, 0.00, 0.00, 147.00);
[EDIT] CreateObject(7242, -1008.49, 196.15, 26.37, 0.00, 0.00, -26.00);
[EDIT] CreateObject(7242, -1008.59, 195.75, 26.37, 0.00, 0.00, -26.00);
[EDIT] CreateObject(7242, -1008.59, 195.75, 26.37, 0.00, 0.00, -33.00);
CreateObject(7242, -1051.10, 296.34, 25.12, 0.0, 0.0, 0.0, 0.0);[EDIT] CreateObject(7242, -1050.60, 296.44, 25.12, 0.00, 0.00, 0.00);
[EDIT] CreateObject(7242, -1050.80, 296.34, 25.12, 0.00, 0.00, 0.00);
[EDIT] CreateObject(7242, -1050.70, 296.34, 25.12, 0.00, 0.00, 0.00);
[EDIT] CreateObject(7242, -1050.70, 296.34, 25.62, 0.00, 0.00, -34.00);
CreateObject(7242, -1056.12, 300.06, 25.12, 0.0, 0.0, 0.0, 0.0);[EDIT] CreateObject(7242, -1056.42, 300.36, 25.52, 0.00, 0.00, 132.00);
[EDIT] CreateObject(7242, -1056.42, 300.16, 25.72, 0.00, 0.00, 132.00);
[EDIT] CreateObject(7242, -1056.62, 300.16, 25.72, 0.00, 0.00, 132.00);
[EDIT] CreateObject(7242, -1056.42, 300.26, 25.72, 0.00, 0.00, 132.00);
[EDIT] CreateObject(7242, -1056.42, 300.26, 25.72, 0.00, 0.00, 146.00);
[EDIT] CreateObject(7242, -1050.70, 296.34, 25.72, 0.00, 0.00, -34.00);
CreateObject(7242, -1138.02, 451.35, 20.76, 0.0, 0.0, 0.0, 0.0);[EDIT] CreateObject(7242, -1138.32, 451.45, 21.36, 0.00, 0.00, 145.00);
CreateObject(7242, -1133.02, 447.68, 20.76, 0.0, 0.0, 0.0, 0.0);[EDIT] CreateObject(7242, -1132.72, 447.48, 21.36, 0.00, 0.00, -36.00);
[EDIT] CreateObject(7242, -1132.72, 447.48, 21.36, 0.00, 0.00, -35.00);
[EDIT] CreateObject(7242, -1138.42, 451.45, 21.36, 0.00, 0.00, 145.00);
CreateObject(7242, -1205.27, 547.68, 18.21, 0.0, 0.0, 0.0, 0.0);[EDIT] CreateObject(7242, -1205.47, 547.98, 18.21, 0.00, 0.00, 115.00);
[EDIT] CreateObject(7242, -1205.47, 547.98, 18.81, 0.00, 0.00, 119.00);
[EDIT] CreateObject(7242, -1205.47, 547.98, 18.81, 0.00, 0.00, 118.00);
CreateObject(7242, -1261.93, 650.05, 16.94, 0.0, 0.0, 0.0, 0.0);[EDIT] CreateObject(7242, -1261.93, 650.05, 17.54, 0.00, 0.00, 119.00);
[EDIT] CreateObject(7242, -1262.13, 650.35, 17.54, 0.00, 0.00, 119.00);
[EDIT] CreateObject(7242, -1262.13, 650.35, 17.54, 0.00, 0.00, 119.00);
CreateObject(7242, -1258.93, 644.64, 16.94, 0.0, 0.0, 0.0, 0.0);[EDIT] CreateObject(7242, -1258.73, 644.24, 17.54, 0.00, 0.00, -61.00);
CreateObject(7242, -1297.02, 708.37, 16.81, 0.0, 0.0, 0.0, 0.0);[EDIT] CreateObject(7242, -1297.22, 708.67, 17.41, 0.00, 0.00, 120.00);
[EDIT] CreateObject(7242, -1297.32, 708.77, 17.41, 0.00, 0.00, 120.00);
[EDIT] CreateObject(7242, -1297.22, 708.67, 17.41, 0.00, 0.00, 120.00);
[EDIT] CreateObject(7242, -1297.32, 708.67, 17.41, 0.00, 0.00, 121.00);
[EDIT] CreateObject(7242, -1297.32, 708.67, 17.41, 0.00, 0.00, 121.00);
CreateObject(7242, -1293.83, 703.05, 16.81, 0.0, 0.0, 0.0, 0.0);[EDIT] CreateObject(7242, -1293.53, 702.95, 17.41, 0.00, 0.00, -59.00);
[EDIT] CreateObject(7242, -1293.63, 702.75, 17.41, 0.00, 0.00, -59.00);
[EDIT] CreateObject(7242, -1293.63, 702.65, 17.41, 0.00, 0.00, -59.00);
[EDIT] CreateObject(7242, -1293.63, 702.65, 17.41, 0.00, 0.00, -58.00);
CreateObject(7242, -1257.79, 275.92, 33.21, 0.0, 0.0, 0.0, 0.0);[EDIT] CreateObject(7242, -1258.09, 275.92, 33.81, 0.00, 0.00, 177.00);
[EDIT] CreateObject(7242, -1258.09, 275.92, 33.81, 0.00, 0.00, 176.00);
[EDIT] CreateObject(7242, -1258.29, 275.92, 33.81, 0.00, 0.00, 176.00);
CreateObject(7242, -1251.61, 275.41, 33.21, 0.0, 0.0, 0.0, 0.0);[EDIT] CreateObject(7242, -1251.21, 275.41, 33.81, 0.00, 0.00, -4.00);
[EDIT] CreateObject(7242, -1251.21, 275.41, 33.81, 0.00, 0.00, -4.00);
CreateObject(7242, -1308.23, 310.01, 32.98, 0.0, 0.0, 0.0, 0.0);[EDIT] CreateObject(7242, -1308.53, 310.21, 33.58, 0.00, 0.00, 145.00);
CreateObject(7242, -1303.15, 306.46, 32.98, 0.0, 0.0, 0.0, 0.0);[EDIT] CreateObject(7242, -1302.85, 306.26, 33.58, 0.00, 0.00, -34.00);
CreateObject(13460, -1105.13, 1516.29, 1499.94, 0.0, 0.0, 0.0, 0.0);[EDIT] CreateObject(13460, -1105.13, 1515.19, 1500.24, 0.00, 0.00, -24.00);
[EDIT] CreateObject(13460, -1105.13, 1515.19, 1500.24, 0.00, 0.00, -1.00);
[EDIT] CreateObject(13460, -1105.13, 1515.19, 1500.24, 0.00, 0.00, 0.00);
[EDIT] CreateObject(13460, -1105.13, 1515.19, 1500.24, 0.00, 0.00, 0.00);
CreateObject(7242, -1356.55, 373.40, 32.90, 0.0, 0.0, 0.0, 0.0);[EDIT] CreateObject(7242, -1356.85, 374.00, 33.50, 0.00, 0.00, 124.00);
CreateObject(7242, -1353.14, 368.60, 32.90, 0.0, 0.0, 0.0, 0.0);[EDIT] CreateObject(7242, -1352.94, 368.20, 33.50, 0.00, 0.00, -56.00);
CreateObject(7242, -1306.35, 386.75, 32.56, 0.0, 0.0, 0.0, 0.0);[EDIT] CreateObject(7242, -1306.15, 386.45, 33.16, 0.00, 0.00, -53.00);
[EDIT] CreateObject(7242, -1306.15, 386.45, 33.16, 0.00, 0.00, -54.00);
CreateObject(7242, -1310.06, 391.71, 32.56, 0.0, 0.0, 0.0, 0.0);[EDIT] CreateObject(7242, -1310.26, 392.01, 33.16, 0.00, 0.00, 82.00);
[EDIT] CreateObject(7242, -1310.26, 392.01, 33.16, 0.00, 0.00, 127.00);
CreateObject(7243, -736.74, 2498.84, 39.91, 0.0, 0.0, 0.0, 0.0);CreateObject(7241, -734.64, 2501.62, 39.92, 0.0, 0.0, 0.0, 0.0);CreateObject(7241, -1388.95, 422.93, 31.95, 0.0, 0.0, 0.0, 0.0);[EDIT] CreateObject(7241, -1389.15, 423.23, 32.55, 0.00, 0.00, 117.00);
[EDIT] CreateObject(7241, -1389.25, 423.33, 32.55, 0.00, 0.00, 120.00);
[EDIT] CreateObject(7241, -1389.25, 423.23, 32.55, 0.00, 0.00, 120.00);
[EDIT] CreateObject(7241, -1389.25, 423.23, 32.55, 0.00, 0.00, 121.00);
[EDIT] CreateObject(7241, -1389.25, 423.23, 32.55, 0.00, 0.00, 121.00);
CreateObject(7241, -1385.90, 417.71, 31.95, 0.0, 0.0, 0.0, 0.0);[EDIT] CreateObject(7241, -1385.70, 417.31, 32.55, 0.00, 0.00, -59.00);
CreateObject(7241, -1328.30, 419.88, 31.48, 0.0, 0.0, 0.0, 0.0);[EDIT] CreateObject(7241, -1328.30, 419.88, 31.48, 0.00, 0.00, -9.00);
[EDIT] CreateObject(7241, -1328.30, 419.88, 31.48, 0.00, 0.00, -58.00);
[EDIT] CreateObject(7241, -1328.10, 419.58, 32.08, 0.00, 0.00, -58.00);
[EDIT] CreateObject(7241, -1328.10, 419.58, 32.08, 0.00, 0.00, -59.00);
CreateObject(7241, -1331.42, 425.24, 31.48, 0.0, 0.0, 0.0, 0.0);[EDIT] CreateObject(7241, -1331.42, 425.24, 31.48, 0.00, 0.00, 0.00);
[EDIT] CreateObject(7241, -1331.42, 425.24, 31.48, 0.00, 0.00, 121.00);
[EDIT] CreateObject(7241, -1331.62, 425.54, 32.08, 0.00, 0.00, 121.00);
[EDIT] CreateObject(7241, -1331.62, 425.54, 32.08, 0.00, 0.00, 120.00);
CreateObject(7241, -1416.00, 468.39, 31.19, 0.0, 0.0, 0.0, 0.0);[EDIT] CreateObject(7241, -1415.90, 468.39, 31.69, 0.00, 0.00, 0.00);
[EDIT] CreateObject(7241, -1415.90, 468.39, 31.79, 0.00, 0.00, 122.00);
[EDIT] CreateObject(7241, -1416.20, 468.69, 31.79, 0.00, 0.00, 121.00);
CreateObject(7241, -1412.86, 463.05, 31.19, 0.0, 0.0, 0.0, 0.0);[EDIT] CreateObject(7241, -1412.66, 462.75, 31.79, 0.00, 0.00, -60.00);
CreateObject(7241, -1369.43, 489.28, 31.31, 0.0, 0.0, 0.0, 0.0);[EDIT] CreateObject(7241, -1369.43, 489.28, 31.91, 0.00, 0.00, -14.00);
[EDIT] CreateObject(7241, -1369.23, 488.98, 31.91, 0.00, 0.00, -60.00);
[EDIT] CreateObject(7241, -1369.23, 488.98, 31.91, 0.00, 0.00, -59.00);
CreateObject(7241, -1372.63, 494.60, 31.31, 0.0, 0.0, 0.0, 0.0);[EDIT] CreateObject(7241, -1372.83, 494.90, 31.61, 0.00, 0.00, 121.00);
[EDIT] CreateObject(7241, -1372.83, 494.90, 31.91, 0.00, 0.00, 121.00);
[EDIT] CreateObject(7241, -1372.83, 494.90, 31.91, 0.00, 0.00, 121.00);
CreateObject(7242, -1457.89, 542.12, 31.18, 0.0, 0.0, 0.0, 0.0);[EDIT] CreateObject(7242, -1457.89, 542.12, 31.78, 0.00, 0.00, 121.00);
[EDIT] CreateObject(7242, -1458.09, 542.42, 31.78, 0.00, 0.00, 121.00);
CreateObject(7241, -1411.82, 559.61, 31.27, 0.0, 0.0, 0.0, 0.0);[EDIT] CreateObject(7241, -1411.82, 559.61, 31.87, 0.00, 0.00, -57.00);
[EDIT] CreateObject(7241, -1411.62, 559.31, 31.87, 0.00, 0.00, -59.00);
[EDIT] CreateObject(7241, -1411.62, 559.31, 31.87, 0.00, 0.00, -59.00);
CreateObject(7241, -1415.03, 564.92, 31.27, 0.0, 0.0, 0.0, 0.0);[EDIT] CreateObject(7241, -1415.13, 564.92, 31.87, 0.00, 0.00, 120.00);
[EDIT] CreateObject(7241, -1415.23, 565.22, 31.87, 0.00, 0.00, 121.00);
CreateObject(7241, -1518.63, 642.75, 31.57, 0.0, 0.0, 0.0, 0.0);[EDIT] CreateObject(7241, -1519.03, 643.05, 32.17, 0.00, 0.00, 120.00);
[EDIT] CreateObject(7241, -1518.73, 643.05, 32.17, 0.00, 0.00, 120.00);
[EDIT] CreateObject(7241, -1518.83, 643.05, 32.17, 0.00, 0.00, 120.00);
[EDIT] CreateObject(7241, -1518.83, 643.05, 32.17, 0.00, 0.00, 121.00);
CreateObject(7241, -1515.46, 637.44, 31.57, 0.0, 0.0, 0.0, 0.0);CreateObject(7241, -1515.12, 637.55, 31.57, 0.0, 0.0, 0.0, 0.0);[EDIT] CreateObject(7241, -1515.22, 637.15, 32.17, 0.00, 0.00, -59.00);
CreateObject(7241, -1467.84, 652.39, 30.98, 0.0, 0.0, 0.0, 0.0);[EDIT] CreateObject(7241, -1467.64, 652.09, 31.58, 0.00, 0.00, -59.00);
CreateObject(7241, -1470.98, 657.73, 30.98, 0.0, 0.0, 0.0, 0.0);[EDIT] CreateObject(7241, -1471.18, 658.03, 31.58, 0.00, 0.00, 120.00);
[EDIT] CreateObject(7241, -1471.18, 658.03, 31.58, 0.00, 0.00, 120.00);
CreateObject(7241, -1563.62, 698.23, 31.57, 0.0, 0.0, 0.0, 0.0);[EDIT] CreateObject(7241, -1563.82, 698.53, 32.17, 0.00, 0.00, 126.00);
CreateObject(7241, -1560.00, 693.19, 31.57, 0.0, 0.0, 0.0, 0.0);[EDIT] CreateObject(7241, -1559.80, 692.89, 32.17, 0.00, 0.00, -55.00);
CreateObject(7241, -1616.68, 721.72, 32.85, 0.0, 0.0, 0.0, 0.0);[EDIT] CreateObject(7241, -1616.58, 722.12, 33.45, 0.00, 0.00, 65.00);
[EDIT] CreateObject(7241, -1616.48, 722.02, 33.45, 0.00, 0.00, 65.00);
CreateObject(7241, -1619.30, 716.12, 32.85, 0.0, 0.0, 0.0, 0.0);[EDIT] CreateObject(7241, -1619.40, 715.82, 33.45, 0.00, 0.00, -115.00);
[EDIT] CreateObject(7241, -1619.40, 715.82, 33.45, 0.00, 0.00, -115.00);
CreateObject(17188, -2430.72, 204.73, 26.09, 0.0, 0.0, 0.0, 0.0);CreateObject(17190, -2430.78, 184.72, 26.10, 0.0, 0.0, 0.0, 0.0);CreateObject(16507, -2427.59, 180.45, 26.00, 0.0, 0.0, 0.0, 0.0);CreateObject(983, -2431.19, 155.66, 26.09, 0.0, 0.0, 0.0, 0.0);CreateObject(17854, -2430.38, 160.17, 26.06, 0.0, 0.0, 0.0, 0.0);CreateObject(2559, -2434.57, 140.49, 26.35, 0.0, 0.0, 0.0, 0.0);CreateObject(3899, 1799.87, 2514.00, 14.49, 0.0, 0.0, 0.0, 0.0);CreateObject(15384, 1790.77, 2506.73, 14.48, 0.0, 0.0, 0.0, 0.0);CreateObject(17190, 1792.99, 2505.87, 14.46, 0.0, 0.0, 0.0, 0.0);CreateObject(10896, 1793.06, 2508.65, 14.48, 0.0, 0.0, 0.0, 0.0);CreateObject(1502, 1793.09, 2514.31, 14.50, 0.0, 0.0, 0.0, 0.0);CreateObject(11125, 1792.94, 2512.39, 14.51, 0.0, 0.0, 0.0, 0.0);CreateObject(14483, -2430.18, 203.17, 26.09, 0.0, 0.0, 0.0, 0.0);CreateObject(2911, -2426.99, 192.85, 26.09, 0.0, 0.0, 0.0, 0.0);CreateObject(2929, -2426.28, 190.64, 26.09, 0.0, 0.0, 0.0, 0.0);CreateObject(3033, -2431.95, 193.13, 26.09, 0.0, 0.0, 0.0, 0.0);CreateObject(3062, -2437.36, 199.59, 26.09, 0.0, 0.0, 0.0, 0.0);CreateObject(948, -2438.15, 203.07, 26.09, 0.0, 0.0, 0.0, 0.0);CreateObject(17974, -2434.22, 201.58, 26.09, 0.0, 0.0, 0.0, 0.0);CreateObject(11736, -2422.48, 179.71, 26.00, 0.0, 0.0, 0.0, 0.0);CreateObject(18692, -2424.21, 180.77, 26.00, 0.0, 0.0, 0.0, 0.0);CreateObject(948, -2435.58, 195.27, 26.09, 0.0, 0.0, 0.0, 0.0);CreateObject(17979, -2439.12, 198.69, 26.09, 0.0, 0.0, 0.0, 0.0);CreateObject(17970, -2439.15, 197.39, 26.23, 0.0, 0.0, 0.0, 0.0);CreateObject(17192, -2438.99, 200.64, 26.09, 0.0, 0.0, 0.0, 0.0);CreateObject(13352, -2440.23, 202.15, 26.09, 0.0, 0.0, 0.0, 0.0);CreateObject(13337, -2439.02, 201.18, 26.09, 0.0, 0.0, 0.0, 0.0);CreateObject(13324, -2428.89, 199.61, 26.09, 0.0, 0.0, 0.0, 0.0);CreateObject(13525, -2430.50, 198.82, 26.09, 0.0, 0.0, 0.0, 0.0);CreateObject(13321, -2428.52, 194.72, 26.09, 0.0, 0.0, 0.0, 0.0);CreateObject(13524, -2425.81, 192.33, 26.09, 0.0, 0.0, 0.0, 0.0);CreateObject(13320, -2424.15, 194.21, 26.09, 0.0, 0.0, 0.0, 0.0);CreateObject(934, 672.35, 1746.70, 12.07, 0.0, 0.0, 0.0, 0.0);CreateObject(933, 685.13, 1736.75, 13.84, 0.0, 0.0, 0.0, 0.0);[EDIT] CreateObject(933, 684.93, 1738.25, 12.84, 0.00, 0.00, 0.00);
[EDIT] CreateObject(933, 684.93, 1736.25, 12.84, 0.00, 0.00, 0.00);
[EDIT] CreateObject(933, 685.03, 1736.35, 12.94, 0.00, 0.00, 0.00);
[EDIT] CreateObject(933, 685.03, 1736.35, 12.94, 0.00, 0.00, 128.00);
[EDIT] CreateObject(933, 685.03, 1736.35, 12.94, 0.00, 0.00, 0.00);
CreateObject(933, 685.06, 1739.78, 13.84, 0.0, 0.0, 0.0, 0.0);[EDIT] CreateObject(933, 685.06, 1739.78, 12.94, 0.00, 0.00, -176.00);
[EDIT] CreateObject(933, 685.16, 1740.18, 12.94, 0.00, 0.00, -181.00);
[EDIT] CreateObject(933, 685.16, 1740.18, 12.94, 0.00, 0.00, -199.00);
[EDIT] CreateObject(933, 685.16, 1740.18, 12.94, 0.00, 0.00, -183.00);
CreateObject(953, 685.12, 1730.26, 13.84, 0.0, 0.0, 0.0, 0.0);[EDIT] CreateObject(953, 685.12, 1730.26, 13.84, 0.00, 0.00, 0.00);
[EDIT] CreateObject(953, 684.82, 1730.06, 13.24, 0.00, 0.00, 0.00);
[EDIT] CreateObject(953, 684.82, 1729.86, 13.24, 0.00, 0.00, 0.00);
[EDIT] CreateObject(953, 684.82, 1729.86, 12.94, 0.00, 0.00, 0.00);
[EDIT] CreateObject(953, 685.02, 1729.86, 12.94, 0.00, 0.00, 0.00);
CreateObject(953, 685.03, 1733.29, 13.84, 0.0, 0.0, 0.0, 0.0);[EDIT] CreateObject(953, 685.13, 1733.69, 12.94, 0.00, 0.00, -180.00);
CreateObject(955, 664.30, 1732.45, 13.84, 0.0, 0.0, 0.0, 0.0);[EDIT] CreateObject(955, 664.30, 1732.45, 13.84, 0.00, 0.00, 0.00);
[EDIT] CreateObject(955, 663.90, 1732.45, 12.94, 0.00, 0.00, -90.00);
CreateObject(955, 667.33, 1732.33, 13.84, 0.0, 0.0, 0.0, 0.0);[EDIT] CreateObject(955, 667.73, 1732.33, 12.94, 0.00, 0.00, 90.00);
CreateObject(957, 678.72, 1700.18, 13.84, 0.0, 0.0, 0.0, 0.0);[EDIT] CreateObject(957, 678.62, 1700.48, 13.24, 0.00, 0.00, -89.00);
[EDIT] CreateObject(957, 678.42, 1700.38, 13.24, 0.00, 0.00, -89.00);
[EDIT] CreateObject(957, 678.42, 1700.18, 13.24, 0.00, 0.00, -89.00);
[EDIT] CreateObject(957, 678.42, 1700.18, 12.94, 0.00, 0.00, -89.00);
CreateObject(957, 681.75, 1700.08, 13.84, 0.0, 0.0, 0.0, 0.0);[EDIT] CreateObject(957, 682.15, 1700.08, 12.94, 0.00, 0.00, 88.00);
[EDIT] CreateObject(957, 682.15, 1700.08, 12.94, 0.00, 0.00, 89.00);
CreateObject(933, 671.24, 1700.21, 13.84, 0.0, 0.0, 0.0, 0.0);[EDIT] CreateObject(933, 670.84, 1700.21, 12.94, 0.00, 0.00, -90.00);
CreateObject(933, 674.27, 1700.21, 13.84, 0.0, 0.0, 0.0, 0.0);[EDIT] CreateObject(933, 674.67, 1700.11, 12.94, 0.00, 0.00, 90.00);
CreateObject(953, 664.30, 1700.18, 13.84, 0.0, 0.0, 0.0, 0.0);[EDIT] CreateObject(953, 663.90, 1700.18, 12.94, 0.00, 0.00, -89.00);
CreateObject(953, 667.32, 1700.10, 13.84, 0.0, 0.0, 0.0, 0.0);[EDIT] CreateObject(953, 667.72, 1700.10, 12.94, 0.00, 0.00, 90.00);
CreateObject(955, 650.17, 1674.99, 13.84, 0.0, 0.0, 0.0, 0.0);[EDIT] CreateObject(955, 650.07, 1674.59, 12.94, 0.00, 0.00, 0.00);
CreateObject(955, 650.07, 1678.02, 13.84, 0.0, 0.0, 0.0, 0.0);[EDIT] CreateObject(955, 650.17, 1678.32, 12.94, 0.00, 0.00, 181.00);
[EDIT] CreateObject(955, 650.17, 1678.42, 12.94, 0.00, 0.00, 180.00);
CreateObject(957, 650.07, 1668.28, 13.84, 0.0, 0.0, 0.0, 0.0);[EDIT] CreateObject(957, 650.07, 1667.88, 12.94, 0.00, 0.00, 0.00);
CreateObject(957, 650.16, 1671.31, 13.84, 0.0, 0.0, 0.0, 0.0);[EDIT] CreateObject(957, 650.16, 1671.71, 12.94, 0.00, 1.00, 180.00);
CreateObject(933, 650.05, 1661.88, 13.84, 0.0, 0.0, 0.0, 0.0);[EDIT] CreateObject(933, 650.05, 1661.48, 12.94, 0.00, 0.00, 0.00);
CreateObject(933, 650.10, 1664.91, 13.84, 0.0, 0.0, 0.0, 0.0);[EDIT] CreateObject(933, 650.20, 1665.31, 12.94, 0.00, 0.00, 180.00);
CreateObject(953, 637.34, 1697.45, 13.84, 0.0, 0.0, 0.0, 0.0);CreateObject(953, 637.38, 1710.81, 13.84, 0.0, 0.0, 0.0, 0.0);[EDIT] CreateObject(953, 637.38, 1711.21, 12.94, 0.00, 0.00, 184.00);
[EDIT] CreateObject(953, 637.38, 1711.21, 12.94, 0.00, 0.00, 180.00);
CreateObject(943, 637.35, 1707.78, 13.84, 0.0, 0.0, 0.0, 0.0);CreateObject(953, 638.24, 1707.25, 13.74, 0.0, 0.0, 0.0, 0.0);[EDIT] CreateObject(953, 637.34, 1707.45, 12.94, 0.00, 0.00, 0.00);
CreateObject(955, 637.39, 1704.06, 13.84, 0.0, 0.0, 0.0, 0.0);[EDIT] CreateObject(955, 637.39, 1704.46, 13.04, 0.00, 0.00, -177.00);
[EDIT] CreateObject(955, 637.39, 1704.46, 13.04, 0.00, 0.00, -179.00);
[EDIT] CreateObject(955, 637.39, 1704.46, 13.04, 0.00, 0.00, -180.00);
CreateObject(955, 637.35, 1701.03, 13.84, 0.0, 0.0, 0.0, 0.0);[EDIT] CreateObject(955, 637.25, 1700.63, 13.04, 0.00, 0.00, 0.00);
CreateObject(957, 637.33, 1697.45, 13.84, 0.0, 0.0, 0.0, 0.0);[EDIT] CreateObject(957, 637.43, 1697.85, 13.04, 0.00, 0.00, 181.00);
CreateObject(957, 637.35, 1694.42, 13.84, 0.0, 0.0, 0.0, 0.0);[EDIT] CreateObject(957, 637.35, 1694.02, 13.04, 0.00, 0.00, 0.00);
CreateObject(1718, 1961.05, 1897.28, 15.51, 0.0, 0.0, 0.0, 0.0);[EDIT] CreateObject(1718, 1961.05, 1897.28, 15.51, -88.00, 0.00, 0.00);
CreateObject(13320, 1514.32, 2500.71, 2501.00, 0.0, 0.0, 0.0, 0.0);[EDIT] CreateObject(13320, 1514.12, 2500.91, 2501.10, 0.00, 0.00, 0.00);
[EDIT] CreateObject(13320, 1514.22, 2500.91, 2501.10, 0.00, 0.00, 0.00);
[EDIT] CreateObject(13320, 1514.22, 2500.91, 2501.10, 0.00, 0.00, 0.00);
[EDIT] CreateObject(13320, 1514.32, 2500.91, 2501.10, 0.00, 0.00, 0.00);
[EDIT] CreateObject(13320, 1514.32, 2500.91, 2501.10, 0.00, 0.00, 13.00);
CreateObject(13321, 1514.17, 2499.56, 2501.00, 0.0, 0.0, 0.0, 0.0);[EDIT] CreateObject(13321, 1514.17, 2499.56, 2501.10, 0.00, 0.00, 0.00);
[EDIT] CreateObject(13321, 1514.17, 2499.26, 2501.10, 0.00, 0.00, 0.00);
CreateObject(13320, 1514.19, 2500.62, 2501.00, 0.0, 0.0, 0.0, 0.0);[EDIT] CreateObject(13320, 1514.19, 2500.92, 2501.10, 0.00, 0.00, 0.00);
[EDIT] CreateObject(13320, 1514.19, 2500.92, 2501.10, 0.00, 0.00, 0.00);
CreateObject(7241, -1944.03, 650.59, 29.11, 0.0, 0.0, 0.0, 0.0);[EDIT] CreateObject(7241, -1944.03, 650.59, 29.71, 0.00, 0.00, -77.00);
[EDIT] CreateObject(7241, 0.00, 0.00, 0.00, 0.00, 0.00, 0.00);
[EDIT] CreateObject(7241, -1943.93, 650.19, 29.71, 0.00, 0.00, -77.00);
CreateObject(7241, -1945.47, 656.61, 29.11, 0.0, 0.0, 0.0, 0.0);[EDIT] CreateObject(7241, -1945.57, 656.91, 29.71, 0.00, 0.00, 104.00);
[EDIT] CreateObject(7241, -1945.57, 657.01, 29.71, 0.00, 0.00, 104.00);
[EDIT] CreateObject(7241, -1945.57, 656.91, 29.71, 0.00, 0.00, 104.00);
[EDIT] CreateObject(7241, -1945.47, 656.91, 29.71, 0.00, 0.00, 103.00);
[EDIT] CreateObject(7241, -1945.47, 656.91, 29.71, 0.00, 0.00, 103.00);
CreateObject(7241, -1978.25, 629.65, 28.91, 0.0, 0.0, 0.0, 0.0);[EDIT] CreateObject(7241, -1978.35, 630.05, 29.51, 0.00, 0.00, 103.00);
CreateObject(7241, -1976.81, 623.62, 28.91, 0.0, 0.0, 0.0, 0.0);[EDIT] CreateObject(7241, -1976.81, 623.32, 29.51, 0.00, 0.00, -77.00);
[EDIT] CreateObject(7241, -1978.35, 630.05, 29.51, 0.00, 0.00, 104.00);
[EDIT] CreateObject(7241, -1976.71, 623.32, 29.51, 0.00, 0.00, -77.00);
CreateObject(7241, -1920.53, 564.74, 29.83, 0.0, 0.0, 0.0, 0.0);[EDIT] CreateObject(7241, -1920.43, 564.34, 30.43, 0.00, 0.00, -72.00);
CreateObject(7241, -1960.60, 519.20, 28.91, 0.0, 0.0, 0.0, 0.0);[EDIT] CreateObject(7241, -1960.20, 519.30, 29.51, 0.00, 0.00, 13.00);
CreateObject(7241, -1966.63, 517.76, 28.91, 0.0, 0.0, 0.0, 0.0);[EDIT] CreateObject(7241, -1966.93, 517.66, 29.51, 0.00, 0.00, -166.00);
CreateObject(7241, -1879.52, 463.61, 28.54, 0.0, 0.0, 0.0, 0.0);[EDIT] CreateObject(7241, -1879.52, 463.61, 28.54, 0.00, 0.00, -23.00);
[EDIT] CreateObject(7241, -1879.32, 463.31, 29.14, 0.00, 0.00, -64.00);
CreateObject(7241, -1882.21, 469.20, 28.54, 0.0, 0.0, 0.0, 0.0);[EDIT] CreateObject(7241, -1882.41, 469.50, 29.14, 0.00, 0.00, 117.00);
CreateObject(7241, -1983.60, 458.38, 29.80, 0.0, 0.0, 0.0, 0.0);[EDIT] CreateObject(7241, -1983.90, 458.28, 30.40, 0.00, 0.00, -153.00);
CreateObject(7241, -1978.10, 461.19, 29.80, 0.0, 0.0, 0.0, 0.0);[EDIT] CreateObject(7241, -1977.80, 461.39, 30.40, 0.00, 0.00, 26.00);
[EDIT] CreateObject(7241, -1977.80, 461.39, 30.40, 0.00, 0.00, 27.00);
CreateObject(7241, -1859.35, 421.11, 28.72, 0.0, 0.0, 0.0, 0.0);[EDIT] CreateObject(7241, -1859.35, 421.11, 29.32, 0.00, 0.00, -65.00);
[EDIT] CreateObject(7241, -1859.25, 420.81, 29.32, 0.00, 0.00, -65.00);
[EDIT] CreateObject(7241, -1859.25, 420.81, 29.32, 0.00, 0.00, -65.00);
[EDIT] CreateObject(7241, -1859.15, 420.81, 29.32, 0.00, 0.00, -66.00);
CreateObject(7241, -1861.91, 426.75, 28.72, 0.0, 0.0, 0.0, 0.0);[EDIT] CreateObject(7241, -1862.11, 427.05, 29.32, 0.00, 0.00, 116.00);
CreateObject(7241, -1886.41, 383.05, 28.01, 0.0, 0.0, 0.0, 0.0);[EDIT] CreateObject(7241, -1886.51, 383.35, 28.61, 0.00, 0.00, 116.00);
CreateObject(7241, -1883.67, 377.49, 28.01, 0.0, 0.0, 0.0, 0.0);[EDIT] CreateObject(7241, -1883.47, 377.19, 28.61, 0.00, 0.00, -64.00);
[EDIT] CreateObject(7241, -1883.47, 377.19, 28.61, 0.00, 0.00, -63.00);
